//---------------------------------------------------------------------------------------
// PeoplePro2RolesScript.txt
//
// Desc: creates relationships from People to Role Nodes 
//       This will be used for Graph and data exploration and the final UI
// Prerequisits: Ensure that the node creation scripts have already been run
// Author:  Sam Guleff
// Date  :  December 2015
//
//---------------------------------------------------------------------------------------


MATCH (p:Person),(r:Role)
Where p.personID in [586265,563171,116972,373008,477551,1911,4308,3468,261313,221514,766669,649067,641686,115686,43003,103513,419654,68051,289405,750770,244438,455811,75520,69186,122423,57926,3269,435931,119877,32442,1482225,17334,1500161,85902,20135,9206,11450,8524,12177,851952,145985,74,169256,614061,674474,3321,5773,53953,16669,527880,350243,409751,346331,345667,106358,22035,691046,578110,461724,386013,385518,232317,28467,99528,598486,598485,1113317,421675,166453,39003,252138,221595,64806,59575,27192,996144,365649,363149,1015026,464940,32481,47685,952098,88575,39522,218331,329937,296054,432701,498594,313962,333604,345001,147309,640030,640027,640023,22368,265472,271080,90253,487110,184,32619,266077,664091,176520,38132,541820,57459,662853,653275,1521,134631,8519,92475,84014,53786,8578,11517,212359,758120,233169,27945,1548334,268953,37011,642970,642968,658632,637320,636966,636963,636956,180810,635006,634999,628681,58982,486527,644905,401361,544136,557916,147730,845727,875225,875217,166586,3484,618381,618373,21920,38567,617131,333497,612850,508974,1193575,224655,611139,667727,327127,609977,609656,609036,197712,537673,605104,24135,91983,96811,549168,73166,593335,967887,588929,68808,555449,595068,586667,997353,7067,616637,580529,578418,584376,575489,575250,575296,588043,33789,571107,568097,375382,809894,231903,578186,1157223,10646,515654,185734,41226,161196,384355,490693,154065,1209454,32973,552256,552149,593033,593031,551584,552578,551395,14460,547947,546875,294049,546810,575896,48625,34886,164121,87552,542088,541708,566284,1215105,318593,1159519,538062,92396,92548,537874,538871,537727,533316,534599,533390,533405,534483,532166,259607,530435,133754,529566,530838,81613,78580,526671,527450,854318,527806,799756,524992,99027,78013,687770,524600,211291,180234,520392,527342,570303,522403,517726,517096,17016,290718,115310,324707,514860,79504,137572,156270,63869,515682,516070,515001,513318,511331,111192,181114,508051,544188,263851,200913,90189,179010,477116,70156,386450,508498,502333,66593,56986,500745,500661,500413,503763,502323,501294,535678,244200,499640,120043,501588,495570,494258,408360,494577,496859,473791,491022,132880,152437,77912,485917,491679,485399,484411,34881,484668,485950,493264,440000,19462,29116,105746,124637,473410,134314,28396,480993,115,35800,479569,513727,179741,483692,479659,479299,479551,395678,784780,478381,218868,75963,35736,213317,111597,144293,736741,107198,255238,251783,479997,476728,477017,477320,395581,530549,490361,488346,489566,476837,510000,507910,83714,286264,495059,307662,306067,470599,291409,471356,469618,379050,484168,463155,438778,438771,462604,464381,467858,462824,463046,478373,462083,550291,494616,164101,329800,1630821,75992,460993,519531,513336,67931,466334,460335,463040,435913,1110663,205420,66958,13560,456001,458078,153063,143695,307292,453992,469926,227617,340311,74084,3490,204997,563567,453116,245865,553454,444413,450944,62062,382565,62349,224318,55922,350394,452165,83420,117651,435607,2186,470062,470443,471418,68287,445665,726101,429195,444876,42464,247166,443367,453185,140351,388033,476553,453268,453026,452799,441111,440235,240203,361424,441589,318286,592384,443793,436865,436853,421811,16547,80274,89587,75872,90168,192311,63112,115197,419861,27005,435625,14770,68717,106795,123697,178476,431578,344192,431475,691885,421820,222711,189659,68913,105,431300,442081,433081,429033,488268,431643,42676,36794,66215,248398,66175,142335,424297,204751,432444,39793,14067,1399728,44963,80626,587493,463146,446505,803680,28271,426109,178067,23138,91794,45489,727675,946,417570,417624,417571,428654,428783,417361,417356,416721,416886,227029,72491,273246,415784,426644,429154,417750,497542,494737,415325,219,319020,151272,82186,88937,23867,474253,414285,412306,1059297,220853,148187,105548,408699,317106,55528,223653,118474,440709,33304,407502,4223,408626,407301,408216,407311,102858,184649,415157,420361,120568,347773,8131,322041,270343,244428,36407,47437,4193,441443,439029,404995,283907,273927,65796,406855,404946,495525,728,403684,401220,401120,50261,415047,400935,6754,249760,880809,401145,260785,458442,386235,741178,123087,401741,401639,396137,395176,189523,7613,7650,183998,183498,67730,15860,63670,11892,363539,374333,451611,244616,192863,168478,211743,211534,178480,19027,2319,524981,522729,781544,248882,263292,827210,827153,388036,254554,96992,161704,387674,390042,45780,391696,18725,386323,386425,391707,386482,144873,385637,117069,389867,386171,199757,1152430,383181,383424,383344,383183,323743,384750,382280,448275,32061,607248,389144,388863,390406,71886,293410,4400,50860,413257,16720,53584,288583,195156,43182,24571,431359,431410,161886,373797,377490,385325,384099,384023,373890,372474,372791,222921,428650,396674,259004,1355213,1355208,539650,515507,462192,113723,35890,37333,1844,8842,83363,292870,357330,680585,356269,96498,30302,356773,354913,62408,354357,260012,46651,392557,19275,422524,422305,351775,12299,597220,430628,393732,349134,343851,195745,33557,323530,346718,346647,345732,287642,666470,1272321,1272280,304811,345421,391124,394022,371898,415065,343615,356632,348089,25025,410129,195592,1219648,235230,459985,303937,340569,233192,370077,293026,125852,289321,335408,61091,328896,328361,338491,75663,278326,91690,329870,30863,329481,32396,26001,479632,478564,137498,103337,351536,7576,31259,325013,282054,58268,123843,9890,106217,124553,102153,55223,23302,3407,53748,57768,402983,403322,323639,322473,379073,407090,1366402,323608,424950,123776,434270,345594,95894,322560,185314,852,52693,295150,546106,320179,315047,914713,914712,8019,5843,310093,307472,329702,81584,15130,25384,53223,78718,71697,306381,356419,110044,104408,1572,36826,156048,309267,403258,305816,118414,404121,315909,197586,269696,73129,190869,105094,320813,321471,108348,354948,254485,84,303283,303808,28741,299084,306700,381531,298873,301314,404439,9712,73,297553,297022,297130,28282,299038,332937,295041,518211,311598,399025,151298,292977,308641,31976,25204,147076,870617,38850,79712,34351,465968,21211,499387,217860,6377,15339,910,23762,287900,283045,620923,323849,283462,324047,281124,679138,663193,656992,608259,544552,342717,42228,448125,422563,422566,388469,386603,80593,136205,271561,268259,267862,312608,510207,335755,141351,243944,407110,269964,265484,265450,649870,414244,262796,263614,262729,102584,480105,481320,67666,258896,12991,264962,149783,472428,259860,214082,379148,35288,258146,256813,257088,256341,404292,7343,255324,81883,5948,164553,304157,304162,407228,252465,250890,131271,549390,215551,549878,549425,104762,232117,288884,290051,34613,242860,80631,39205,27660,397124,87385,146026,235087,240315,102564,429,327398,286109,10952,236825,236040,236578,247521,234717,233092,238657,234920,115819,139904,690419,566134,267166,19076,228844,229843,47412,225982,231361,10881,275519,48402,127550,154648,58334,223090,221913,221879,169276,367008,83555,1190,220714,435533,227398,489003,216048,28156,49200,403107,1048007,392677,151223,278613,211173,205002,69551,260719,277410,256393,208670,328313,235728,456440,150793,133072,169838,239524,241338,23266,25515,147392,25220,218183,103,205613,227037,228112,74344,213955,222563,203562,430940,117340,198032,191817,191697,190857,190424,202135,316675,188584,349286,305364,299198,295861,283980,283358,240225,186767,518047,518007,518848,519835,45916,187149,2170,724916,173889,445204,187452,126886,93393,128240,102190,391780,171216,401354,164771,281120,17880,179923,36362,59331,5218,5365,179072,79719,77892,57117,85551,141502,235278,66983,402756,118244,175214,174777,17508,312839,278542,134338,177036,248082,200227,175410,9312,10150,168416,347809,269204,269692,35473,40802,592,121003,220356,17399,16449,4860,498745,165092,416885,491619,163844,317133,156591,5869,161781,1032,160601,220380,807866,372627,180486,237048,133284,232520,263217,226370,225395,180176,209795,302554,287115,161000,162694,161061,65603,76135,99793,4807,159621,159704,303375,301530,68848,30685,163448,153092,164743,89866,164754,66830,296450,175237,9265,150499,656940,214480,1909,176468,297939,113071,151716,310061,2492,57793,143717,91976,153851,409229,401949,397126,401266,399369,56446,4793,118929,1759,16495,68059,36048,52409,132492,149316,237561,214307,40675,71827,137839,137855,133029,161412,164265,745183,317887,3749,138532,133011,132692,133814,323481,322892,320980,121104,128085,128247,389687,124546,70551,44247,70070,144235,34943,126925,127017,242528,85455,35602,58755,148068,126562,163911,231027,229966,67789,229965,168573,183655,172542,172635,172257,115410,387705,19303,119547,113465,36988,183504,183507,44804,131101,161605,440439,15087,71948,246132,246116,7990,237563,237484,204873,141609,95853,77170,132719,129783,133300,97269,139570,32034,214395,104482,94462,65288,93931,91650,74447,18041,179660,337946,332335,246881,262145,262111,68798,201209,22084,427,426077,421882,83494,108412,82359,80434,80453,53860,16136,10255,4130,141630,116996,152985,30679,121831,105689,121846,83352,4042,46349,430769,76052,139589,360495,360225,81311,75676,513570,513263,297445,203403,153668,5052,226243,224320,224449,61680,67107,238938,185863,25616,142381,59426,65312,81591,81411,67425,64075,86266,62471,63664,75157,64745,66989,105594,98592,97930,85029,58628,55129,55328,55309,50494,199408,85597,48265,48194,3664,45662,128683,242584,82639,143,206698,186333,414972,66585,4655,12552,185724,73066,33717,33931,66293,34824,24360,72803,18233,18221,70882,70898,70897,192854,85547,4783,12195,8586,8634,155000,25250,42933,30978,35931,154527,30650] 
AND r.Name = "advisor"
MERGE (p)-[:AFFILIATION_TYPE]->(r);

MATCH (p:Person),(r:Role)
Where p.personID in [579856,418969] 
AND r.Name = "acquirer"
MERGE (p)-[:AFFILIATION_TYPE]->(r);

MATCH (p:Person),(r:Role)
Where p.personID in [563297,335785,300475,4898,67110,9291,566948,97106,33473,836647,228173,257306,3834,493158,204267,1076022,105988,178623,76358,213295,217705,676393,375893,29675,58636,868394,868388,619832,173860,653279,111041,647700,642682,636968,264451,635012,170809,682720,332492,621013,609612,165951,616427,202141,182064,109351,12467,575232,575589,5401,565755,184386,117214,547857,336733,337480,546956,1681250,1159525,539036,530421,530271,524818,476096,512291,514560,515590,509032,518217,497944,496361,497102,377645,110234,203860,481072,784783,485373,1476162,476194,339049,460063,472627,475990,469409,470110,466700,466170,463238,26221,201705,188543,5670,452202,465946,1086545,250818,443904,229927,461232,244394,440219,592480,160125,435290,59909,539921,437996,473142,112337,431357,432943,419348,431086,5104,697329,422526,421987,420256,158891,177437,442507,308796,416443,56823,415371,313807,417383,414100,262268,495859,478562,411870,149281,507686,423003,323355,407535,179229,99946,414195,403095,399773,396937,410324,184598,61233,392590,395833,255659,255255,389884,23625,376017,372568,364697,403111,629896,568608,375261,226575,222623,359089,819284,354911,430693,347496,340363,55190,480103,177554,166690,271075,158206,171794,199009,513462,403250,329868,406326,127039,160475,81085,317979,313245,210548,68456,65637,30629,336640,308755,56010,227670,301308,296127,293321,450510,285933,163546,188614,322259,163007,92085,414197,1457867,157691,262177,317419,88050,15975,229115,64012,249802,170807,474401,315562,143566,209341,213503,68821,237043,378929,229147,170064,170122,360224,375209,505997,222781,222748,28585,196787,213408,377819,171256,201417,189722,1007154,397184,379123,180445,79997,174759,175327,269638,163859,158129,161733,159595,171945,67294,399807,179665,152712,144162,401532,85068,256260,189188,204030,338851,708735,33955,303765,148362,50118,70692,230177,182396,181927,234681,255466,158982,56670,182656,140062,402728,196350,57442,73418,90606,525162,183234,179156,77106] 
AND r.Name = "attorney"
MERGE (p)-[:AFFILIATION_TYPE]->(r);

MATCH (p:Person),(r:Role)
Where p.personID in [3310,4282,1678903,654587,510281,502061,1590295,500972,272116,314006,1322227,1322226,311121,283412,1360306,1358181,539433,908344,332928,1176527,345156,345384,346362,345458,1173096,268658,850840,541795,1088823,128594,431736,469529,44088,212296,967876,296067,208176,10379,275169,288257,464240,281457,276866,60196,89546,414986,414988,414956,667362,384639,651735,647567,644507,133435,631690,640856,640854,640852,640851,185834,431854,470956,459455,470979,329117,633154,631877,761189,629206,628680,951485,400845,400760,543642,311573,617134,612863,612811,609578,407615,146061,584665,196204,122790,562052,2034,595145,600800,597208,593366,298671,587071,586843,585599,581508,581514,581543,581481,581657,277880,572111,564949,52900,197843,244234,97639,569444,550656,590173,554417,553531,553084,486648,561875,282590,548238,548044,336679,548591,545531,540765,540447,538546,537926,562175,503560,523846,228580,284231,532363,533180,525236,519451,516522,516379,516316,515305,512608,511650,519857,512855,513205,376896,510655,511708,1010670,316891,134515,153084,501966,500168,500208,138523,405582,499384,1130934,498466,499699,496509,497507,495894,494390,492986,494846,495105,178040,492319,564208,468898,494721,526659,490334,491670,427863,19700,17420,483772,483723,483590,440644,211390,482847,482874,482836,215481,345802,479540,479426,471193,154332,443738,477386,477074,477175,477069,477031,200772,188704,476612,477311,474735,494380,476247,480113,473667,473609,474985,472730,473254,466411,473345,461627,463212,475512,467527,471107,460334,468069,300693,466898,466647,466603,466376,472466,466107,770912,465541,465573,464643,197545,197738,465423,462927,462359,376225,88732,437277,432977,459858,464850,221726,221367,221199,477965,476874,169270,112540,337995,461958,455327,375297,460320,150206,413744,439178,582463,504339,504405,316734,504343,504571,451184,69851,452718,454470,425764,446467,446269,443748,209629,64360,442954,442827,442905,443444,440279,452515,437469,455190,438148,402285,153016,435717,420100,111843,1225150,594284,434329,433855,507727,433701,275760,275783,275745,300546,23550,432202,431013,432938,430861,145182,576431,57414,400148,398946,428421,427197,427503,435289,437711,287108,363253,422041,218739,320767,421715,422148,421900,174586,418226,417583,494685,491964,490948,432488,648223,647635,416651,414660,414776,416442,414281,413695,413164,413325,412187,412234,410918,412243,412052,493026,483687,27345,139,411194,410564,419146,410300,410344,382639,295629,408646,408449,178065,108457,407055,406763,406481,338556,265103,405589,180308,408179,402337,412126,14551,78866,261985,393318,393315,329690,522728,389706,389673,123226,386579,278670,145410,300426,44061,384401,397060,383345,383160,379792,381062,376439,246631,922188,922187,922184,38821,363899,356051,329719,281616,380694,380699,352113,348970,352054,349996,343928,467159,340027,123070,171199,161240,339078,338350,339350,343327,340693,340223,310975,127446,244133,448718,448870,448896,250797,102863,331621,22233,511485,514133,511452,331529,206048,511425,32578,325802,324757,399103,77668,321050,320508,320861,315300,313444,313395,311851,279720,279678,384787,311011,308459,305764,305482,305641,155240,22579,21886,300292,420770,238505,145629,369604,291440,301414,288925,870530,286692,1469702,255813,305865,532270,620925,620924,441842,147102,280895,22225,26118,266612,253041,222602,293437,265294,481026,655533,293683,33076,256346,258589,256692,257458,256711,257245,257309,258389,377761,115122,97115,480172,18976,15386,252371,213370,404473,407391,237726,235848,235977,125274,202613,161153,379432,225378,203241,340603,340380,369831,372240,206858,204596,196482,219245,196611,208180,397156,206044,7220,107412,128301,198878,183580,193179,193755,165023,283210,90755,85003,185876,132216,495171,184298,183905,172567,158391,862513,92453,14519,402884,175564,158307,157284,2726,217532,133079,175667,53976,54994,144042,156640,160646,24393,232546,15637,398547,156128,155236,154173,154166,36648,131029,128023,594471,201754,150434,149492,149477,148883,219359,26122,143709,411011,228413,137724,137710,137742,229020,413965,73104,230148,230191,230239,115878,214923,568684,176980,172286,14488,548466,496863,68780,244497,23989,93890,49213,37226,213719,213266,88662,87651,81270,81272,476857,429438,66954,67004,434077,36095,33252,447807,27675,27628,32702,9333,5786]
AND r.Name = "board_member"
MERGE (p)-[:AFFILIATION_TYPE]->(r);
	
MATCH (p:Person),(r:Role)
Where p.personID in [115067,444495,139065,686135,64301,1419031,1419028,1646280,1022521,1022623,1022512,420180,421867,423497,424446,1022500,1022498,421687,1022489,423261,422379,373221,1022477,423353,417976,729483,1022469,729452,421753,379597,640094,1078262,281464,287044,300608,948831,948828,441534,653129,473,438158,94998,311257,37433,439568,3430,664781,578720,129,889892,395235,740713,740692,740690,606903,138841,600891,447913,808850,214695,586215,531668,593035,100781,473989,514452,510719,501740,215790,465916,482038,877336,503309,504792,499254,496893,485769,558122,439555,501050,480956,91597,6858,905216,180602,152474,477348,187623,463241,466701,464977,412876,455888,422364,452295,450698,476039,397338,265414,364224,4523,207912,107159,10665,78095,436962,61266,437974,157193,281654,327,427130,381894,128116,684826,392571,419824,428712,5759,430187,300126,421723,28691,97977,123794,13727,407826,98149,89215,418167,429963,87172,403010,91786,56295,498,414542,532,114,1173386,1173380,1173374,1001307,45319,6270,408202,854565,1201473,587522,363692,167542,183871,104550,66736,66503,424904,99335,396764,193786,368022,354886,398484,828019,480981,392063,335625,66286,117526,1103,342,93168,485112,208608,425876,1345176,865605,540035,435179,320382,206748,443175,805625,418237,415894,419593,147876,185882,50776,254744,299207,261001,218066,114845,311608,311710,703328,18180,559390,549867,556202,555161,248829,310198,240482,298869,465188,225356,223755,56,111,200183,361855,299114,33627,149940,974900,974897,403456,355642,351460,261455,222352,207064,207237,207221,416061,302948,104359,1015669,840713,1007139,1007133,1007125,185702,1007123,1007116,44564,1007114,1007112,1007110,518383,126858,401278,119033,433257,423576,172510,54668,36788,15286,161676,155929,297363,122692,672523,417649,189251,25906,344594,324014,377640,212306,56829,7026,1208288,935257,923771,1002831,648545,1002787,1002777,999762,908930,303625,999731,445883,813781,571117,813765,699787,495441,548457,521087,549603,414916,548318,548220,91328,571,95564,87010,484935,452504,332186,25560,288826,42337,123702,73392,101,45086,61896,7435,37957,28798,31391,48528,376190,323446,337570,23896,173163,194364,73095,98316,4893] 
AND r.Name = "current_investor"
MERGE (p)-[:AFFILIATION_TYPE]->(r);

MATCH (p:Person),(r:Role)
Where p.personID in [868247,638157,638155,638153,524825,524423,524410,524870,532802,848,55791,256584,414000,184413,153299,4720,421857,426802,997712,997710,582585,622736,622728,1231013,645661,454769,571429,292278,102880,143925,2627,170128,23933,89567,327759,540831,588075,588074,586618,570933,1031517,476975,591647,1159507,529559,72586,257445,520664,517658,516193,246032,500624,499404,496192,494581,483876,480281,479510,481743,552903,237423,261358,198737,51791,309656,472233,112710,469989,473250,464392,464818,463141,462721,319873,467306,462987,435030,452407,450738,446580,441442,441475,441011,442826,441875,440902,499047,498278,498257,500607,34984,419260,384414,427790,427784,421666,421897,425387,424810,412072,421937,421328,474404,478378,307645,432257,398724,397047,385166,193582,94131,24926,621633,359389,357343,361097,353038,352738,285731,367453,59680,332622,75709,337588,49172,335659,335604,227112,307447,376643,218382,238028,417262,379502,518282,519811,404032,291990,110244,192550,812466,812440,812437,517609,812430,819694,823352,815681,812974,813317,524233,521330,528306,515862,517853,516052,516319,515814,515567,515125,513859,514035,518834,514455,514798,514331,512845,513512,513642,515337,513118,115597,514099,37125,649964,672278,236192,216007,369723,303684,302942,199214,238081,237984,104973,228186,64410,415369,142560,333178,333444,74768,108432,142820,302103,333206,49749,401749,218094,128267,151388,51885,301687,58879,542025,143064,365615,384914,385917,337426,449302] 
AND r.Name = "customer"
MERGE (p)-[:AFFILIATION_TYPE]->(r);

MATCH (p:Person),(r:Role)
Where p.personID in [429317,315838,520218,520120,511367,520287,491697,581424,265639,625619,297846,323650,1698194,953503,431055,1599717,920970,1514037,272350,256955,257059,273188,199185,19268,754259,36253,990445,908346,1041713,523500,637526,637524,539384,539633,529121,531368,273701,326712,369392,352331,345425,1173078,1173047,935055,935052,935050,881521,385529,335034,333467,220136,205549,199208,680035,522492,510829,334381,34325,1023876,1053816,1019884,1019810,533777,410064,775708,802892,534289,212136,463645,378342,378341,213082,213208,212544,212156,212160,138446,707115,312141,188156,347972,915593,589361,924969,924968,908962,924952,413868,412232,412838,412310,343047,342233,657256,407945,886823,401275,57730,817370,296441,346571,468501,346587,296572,1483932,1483930,1270675,1334497,1334493,1334486,1334484,446361,419684,419664,1470136,237424,244088,238792,652247,810382,203376,533634,664090,282620,422500,630674,656250,655211,651718,42412,651758,651756,651754,651682,650395,650297,54636,138840,78630,135562,48191,78366,143570,184408,363518,252659,138168,20032,151762,52626,212291,770812,651818,651711,159779,644139,644253,234874,649777,764515,642966,642963,642961,642960,642959,642958,642957,642956,642946,641438,642660,649095,618104,327688,827597,636925,636923,636871,636868,380858,375515,636034,635828,442359,225141,329337,631738,1327219,271804,1039626,1029022,419123,1672379,628671,632683,628668,1012413,1295201,403151,63216,898699,626487,625489,625572,624943,624942,623439,622752,622747,401149,401245,623385,623384,622214,622210,621930,621896,620625,619842,619342,619217,619211,1202883,654560,542013,542913,484740,712658,618520,618366,572840,620981,617164,591281,639213,616598,625278,617756,617755,612620,614885,612852,612357,624243,1203387,667760,232428,609054,608238,607193,606250,606249,606016,606015,606013,606010,606007,606004,606002,606000,605999,605994,605991,584656,584654,192918,31187,602090,280231,601279,600761,621926,628968,626646,626464,596802,332614,594444,594427,593332,592579,592433,590849,602221,588252,445816,588384,586684,588476,349425,585900,1093805,87219,567075,336580,857832,595045,581382,578599,577294,577100,577444,576591,576055,577785,578883,577726,575719,239717,575252,575287,574979,575490,573602,574873,574199,1131098,1034447,444665,570792,141767,825505,825506,825804,653985,206192,566864,566815,566720,566684,187726,568088,670305,564800,564866,86484,585032,561293,121095,269622,560679,560119,558549,302925,557659,557535,557599,556856,556725,556664,21261,467417,585515,651881,554244,554242,555700,553780,553203,553401,557913,559549,552534,553019,552561,558558,550901,550670,60439,549675,196312,550475,548951,1474280,1356180,1356178,312053,548929,548947,548182,345471,433885,546829,339714,295122,81233,426691,546490,589684,413659,545177,548720,542828,542829,542826,452818,453012,541997,541274,623060,416420,535861,533274,535283,533456,533132,532813,532146,534118,532142,534044,539138,330951,279704,155523,139041,537152,529957,346641,529461,527220,760082,939555,524802,251256,525033,67956,202254,554631,524015,523808,394553,565097,533137,522862,522863,521348,603180,596135,520376,598644,627846,521288,566615,880046,561501,520486,520552,520389,520403,520393,521438,522423,519041,516385,517417,516728,518603,532224,540413,515781,515377,517458,514826,513999,513326,692690,525712,494181,496099,495652,30344,512941,520476,510625,509618,508899,510796,510872,510955,492656,487583,486598,486568,507660,428094,505808,505752,505437,505153,970558,179405,549153,504914,373141,125661,564954,188899,313863,504375,504415,520866,504024,504035,523468,523461,523497,517761,663786,504358,504125,533585,534478,503105,504061,502556,501316,354213,501138,508670,1051588,1382205,501222,500389,515739,499603,505538,499904,499961,499950,353263,500579,498996,499062,499059,498039,497968,497537,497521,496774,496490,495457,496722,495658,496960,496758,495445,495091,495119,494151,494183,494150,494154,384616,493751,464823,493785,518027,474015,782554,782547,1510282,1477153,1024776,491126,490855,491911,927455,927460,927539,527610,927456,589891,495199,490278,490287,428216,428104,429691,428180,427996,485684,485482,484499,484211,483850,37758,484884,50915,483873,483882,483855,483734,452195,439245,188004,500505,500512,500664,500571,500499,500522,483504,473872,188623,165268,331946,481221,490363,480987,479307,887988,866258,53384,538530,539131,51058,1571071,905207,452814,479374,481060,480246,479861,784778,478392,477355,477071,477124,268093,592801,591484,591221,450829,188720,353176,337950,322872,243567,104224,576815,476241,614783,476203,146626,471104,475746,383696,1084127,475177,474398,477458,474402,474610,474413,452256,481299,481355,485196,481342,481378,474159,474011,460472,473694,673343,673341,473262,472654,472619,473770,493083,473077,472546,472232,472075,471719,473234,170843,560708,471595,524584,160090,472313,470755,471518,470576,472027,470518,470475,470415,424771,455577,469532,470352,469335,111806,470365,475999,466165,469097,472941,468836,468979,468838,468847,469550,468841,468840,468807,468774,468689,470349,481967,468529,469262,471216,469920,415565,469033,468893,466362,466330,452822,319008,466221,468263,466227,481100,466120,465886,465436,466750,465471,465560,465175,482927,484063,465065,465021,464900,465191,482373,463978,468185,438785,462842,463508,471671,468238,462708,462661,478954,464603,329895,1630818,1630817,1630815,1630814,1630806,1630803,461461,461415,234761,419993,263582,796796,836275,517666,460419,494628,131444,458594,459007,462902,1110679,1110678,1110677,1110676,458182,1038766,458226,480744,475046,458004,458544,458000,458042,457869,477360,476825,476843,346295,169398,165892,169384,164061,492652,358430,461859,461458,453599,455286,456523,455042,454345,432100,454361,1746528,1746527,462762,461144,454403,193432,227619,453322,452524,453486,452724,452745,882942,843038,452598,215675,452259,452207,619749,609508,525429,451108,451962,451767,451691,452167,452589,451598,453072,452888,239853,452564,451559,451126,558599,475257,509056,349117,509046,444273,451120,451095,786601,645750,450865,552097,448130,450620,451880,450158,450097,449504,416502,448205,447980,471293,465639,21467,451386,447729,447819,447526,447497,447634,448341,514412,365036,868436,517166,516266,252243,653294,718235,463879,446589,446420,446480,446347,446356,488061,196025,260140,447415,792996,480805,446156,373761,446387,473873,447139,446704,289438,1197676,906149,906146,906145,906141,906140,726144,444793,444919,445099,445334,444807,444661,241534,443877,99119,443687,490478,212741,880696,443693,710795,443123,451343,442903,443065,449637,442854,442590,442717,442530,1015182,1015169,462602,442523,271755,154090,444720,442849,418302,441849,441279,441233,441060,440619,440818,440884,440875,96263,440243,440468,439792,441205,440837,437267,434508,452113,1117976,439793,438463,435658,437353,437962,439765,102535,422170,422139,422081,335991,480589,435716,435560,142863,419882,316493,316328,312146,435229,435386,435503,453207,435033,434728,434685,434694,434986,209551,434936,436790,17679,146639,538034,351622,438414,435176,620004,434644,436403,433640,433239,416173,68436,432230,432857,431955,431658,431492,432582,431465,431464,431625,431602,431498,604266,431390,432162,431327,431388,431322,126756,432344,431129,405668,430616,347546,431081,431980,430821,431247,431835,433411,431615,430506,430678,431384,431890,431779,431117,1081113,1076500,429998,429739,429443,211879,217684,614388,485268,136568,429067,429068,465173,444811,428475,428481,428463,427779,427456,428335,430662,430669,541975,427119,334672,426121,426141,432411,426091,290660,651824,425775,385268,422194,422075,422534,422013,470780,424833,421979,346816,697331,422236,336509,756216,438741,430293,424185,421908,422662,423632,420826,420925,180078,410708,426251,646054,420511,413230,992466,462120,421904,273600,421650,419925,420116,420137,420213,421757,419789,419389,419637,47311,426432,423513,419746,419435,418750,425552,420934,418067,465526,417663,625615,535552,429344,1317334,416588,416394,416085,415680,492904,210675,492764,450476,414982,429141,417923,415398,414664,114680,415045,414435,321925,414173,416984,413470,197008,413404,361940,432399,483078,627460,412673,412736,412408,421497,411985,426719,412672,421301,412070,492214,482936,411758,411745,411784,105871,411474,411359,353586,413323,411262,625452,410623,411431,222029,410417,410599,412663,414347,410827,411506,408644,2883,408445,397438,190538,18834,417502,408537,408065,1251810,407542,407624,408419,407536,407612,408215,408733,407166,407023,406945,399416,406738,107414,406372,406371,1033576,795530,795528,169252,412816,404112,404803,404688,405619,469348,469349,510788,347605,166248,347795,346786,348080,984790,283892,217432,617221,402848,405333,405323,405659,226454,427120,396103,318134,403796,401717,402473,402476,404683,402715,401234,404187,404904,401063,401067,442777,402344,147351,313844,461046,413340,400174,400127,420886,1217597,508804,412587,410090,508420,505532,505576,505554,402660,59828,397636,405002,397112,396803,398337,391706,429128,396925,395750,396059,291799,291801,183651,129047,393790,1111615,639190,451344,393253,393309,392828,394835,453503,346683,391584,396206,390188,390252,211511,36181,392488,364967,389451,388668,404273,254835,254867,361564,388217,388929,364659,388812,388317,827147,827156,135501,387537,394290,409801,387808,49276,399278,231692,5980,188375,397798,386198,386102,386200,386252,260660,401478,437775,437761,386305,400775,383069,135012,382528,383883,348890,383835,383800,383798,383536,1076489,408458,344219,381847,132386,380930,351005,489445,338841,392932,553530,553275,20586,380808,235465,484139,356045,550763,550800,402481,891282,377322,380602,1335092,219879,404148,388738,388977,217800,56211,129718,332837,513128,344954,345575,246330,191438,270619,396280,373061,373030,922180,370571,370963,384032,384197,384740,385183,200285,367730,98938,397618,250116,371897,371326,1355202,424294,456234,76744,403277,420230,371963,142502,142145,362402,288893,288752,359033,359008,359092,359270,361178,361243,109316,357298,59384,140097,362056,360052,379683,359082,494238,357877,28586,208911,355612,355891,355844,406008,356775,354792,361618,1516972,271837,300673,353207,487460,573678,352228,352145,352121,352112,422211,350500,350850,348429,348502,359818,348537,360504,410829,300242,250620,346466,345635,344965,344962,343982,391152,1315667,395922,320594,298478,148700,342134,339667,992561,975301,706717,464443,302844,341537,342420,341677,341509,341523,1279099,392130,392150,392114,156722,339906,340580,323300,339724,424711,372176,352243,339820,339758,340974,339216,273348,342511,459894,340384,342281,340373,340369,323060,337211,354962,336882,543540,522028,521375,295127,205021,233289,204440,83473,339243,335839,824395,180152,449350,334779,449286,334320,78635,83724,75428,1124474,341525,340684,341154,326666,330781,331273,333034,608680,435013,519163,393943,713816,369417,409247,97998,1205432,345843,416797,323890,39899,400608,398256,397870,401629,397836,376699,299547,323952,426242,301317,320914,320595,466638,969861,886280,300646,344604,323664,334579,1105640,318409,318381,434460,434112,134683,317030,641620,319699,307363,461567,468368,424133,427387,313241,416748,313018,426327,1208055,452862,420040,414149,414053,1304701,1304698,300925,1304695,1304693,93542,300941,300706,300945,300732,412334,175132,396943,307735,167296,309569,1715256,1136087,730419,414533,307086,139643,323945,188360,125064,308517,305571,657586,305833,577811,526061,316057,316000,315886,315945,315872,315860,315859,276638,316137,315873,316189,316803,315936,568304,567515,566972,337337,307066,306967,265362,189138,966717,636299,452579,732055,378214,377219,266494,301565,301080,297750,299336,307227,103409,298340,297674,297202,66199,297397,392057,340500,400481,236311,325610,332568,332527,295795,270237,202880,197497,197438,233726,295129,296923,381095,294899,592822,459913,399607,401646,369628,293591,306651,269323,291463,291735,438178,291614,438169,318336,289543,1751590,1751388,1751276,1751246,1751242,1751236,1751234,1751226,179525,287651,288350,287672,287630,496370,1097073,273656,286577,286571,385398,1469703,1469700,71088,505805,460971,122861,370411,257877,788687,283026,281991,239243,620920,267461,322742,382898,379671,373686,373930,500439,438204,829647,268643,584436,584291,535437,268066,218059,277101,226725,1077854,1041136,184330,59739,364009,490871,312426,373281,348507,364517,400308,265427,475839,420607,171729,262961,262532,649886,263706,1222476,262589,261832,293364,539174,259057,258843,258853,1259055,351031,608737,256918,256917,256946,400715,174583,257325,258705,257217,239312,258766,257270,239124,257756,305940,257869,256351,256429,410946,259288,955927,400964,257272,257015,257328,256855,254094,254013,648530,304972,304151,304155,404091,330889,303529,211720,324010,250523,249448,10097,913949,721943,328224,247921,245753,243205,242884,242634,242382,112513,243931,243926,344510,345469,53621,64101,174657,241125,340076,239640,265758,265608,265544,239060,238809,672274,237045,238825,238117,256352,255548,236070,231913,112189,325128,218008,234229,234724,235489,235907,237490,235759,451060,229191,199829,190323,228868,228828,228790,231433,231713,528000,397781,59217,364099,363261,369384,369181,227094,639416,110982,574845,1481900,1540638,1006093,310720,488737,249673,234347,225716,226676,225365,225419,225384,225370,225368,362956,358042,358524,337149,337166,337155,337981,337171,337151,234280,223775,273201,238092,56818,347449,55599,221649,376748,366332,281803,216732,1152166,217424,505887,216124,240802,235284,225916,225327,224897,222947,222488,1048015,503907,397658,429396,306938,32662,190511,279430,833854,457967,436942,173305,98811,610442,208048,404414,325506,203955,203947,3001,201224,355417,366586,169151,399099,320811,320866,201218,225791,410037,214620,216891,447671,205249,197955,198249,191593,461033,197197,193197,193169,193622,305822,299532,238351,189707,383556,524624,349287,188372,188283,186828,192018,186664,188021,186738,1007148,224151,783486,185873,185573,117112,490465,350856,192170,192168,192177,190065,129500,157134,378909,379227,184287,337557,158394,179937,179927,179931,179990,123845,178934,179049,446432,294254,920,178110,177393,177376,175732,213729,236961,242315,385414,280176,280374,174432,173385,173658,173307,172941,73407,93019,106532,304132,170473,170502,168285,86906,82990,327888,321209,313432,340427,340431,340409,340410,129815,340424,340411,338723,386491,56426,673233,652279,401771,274205,783293,781298,818229,489574,13493,161292,209102,290495,175538,143429,460761,296853,207161,257952,259138,258159,257948,303121,168062,235838,1063754,398560,156095,158953,181573,175658,174075,340699,340602,359539,282613,283228,254912,253306,10459,254242,301267,119644,409940,44017,121610,639637,185393,1105620,494399,493180,323286,321998,72064,72060,265173,656678,656676,656675,656673,656672,656671,403551,146728,82538,283206,59317,243720,400828,395689,149799,127004,145309,127489,401592,1126921,843652,121993,140662,140423,1020909,139750,340674,319284,229420,141963,136908,572164,154436,137726,228048,142717,194570,136667,1258188,1258187,1258186,132356,2252,907107,239941,689027,134426,1095936,165504,323433,324278,323462,323558,323434,320327,1370606,698684,637361,527500,504827,358376,303817,289329,215547,215345,345694,50259,787997,112607,121367,69726,109301,104968,229963,263168,380893,586857,586697,213427,113399,109211,77312,112129,180031,323230,999723,253581,108169,548029,346272,270449,247641,244252,104091,1696401,102233,100547,103338,100510,33780,280055,158313,99788,267965,1082638,520981,195063,341369,338424,94575,86635,75320,145626,91593,89059,126261,244237,441847,126802,332454,331916,79693,42433,85946,397753,84469,122695,151052,150993,84391,200186,137609,408018,123735,82684,497163,497022,362877,360949,356328,356324,298835,273200,258897,385215,388153,139588,636698,512010,65913,105136,105201,153407,67121,81041,223276,223318,116265,155328,402042,402225,292168,246068,208125,197341,366529,547120,63337,63332,98845,98099,93937,93894,93929,93925,94272,94433,63370,63275,370833,54231,37958,435769,235909,109210,92795,53217,483559,383118,43477,190621,382267,7436,36627,16981,25021,24172,576297,752801,859652,728801,699626,234335,164618,164617,4625,127905,1589,48353,72115] 
AND r.Name = "employee"
MERGE (p)-[:AFFILIATION_TYPE]->(r);

MATCH (p:Person),(r:Role)
Where p.personID in [19263,372582,299234,420665,1647500,46306,328354,73499,218507,184949,173154,1145237,32440,12655,1571240,510764,235985,510554,114750,1479653,274921,521451,520227,441066,81224,85436,316347,338995,256796,48607,161537,268782,484785,484653,484654,484585,232173,199213,96198,524804,256869,334045,379798,111229,138367,236382,338278,333610,545461,545116,57760,417268,9646,466390,45874,303433,419091,534744,391261,71338,868379,468884,382885,247747,445843,296515,455383,419649,233348,254735,619797,425807,421685,420455,568460,524494,527323,753840,582522,1546111,288452,447848,500385,500213,254273,257841,133518,415322,657286,659681,657111,656930,656929,617040,87696,453469,485662,485850,384251,654770,654343,654074,654054,653039,653658,653406,653256,653226,653133,596949,651859,651802,651732,372363,651579,651477,651381,651216,651200,650491,650482,650471,647351,84294,53962,8356,638549,657393,649201,637795,648296,286120,647568,480723,646387,646772,646732,528803,47187,634460,664259,645942,645914,645466,93943,305033,68346,282365,643519,268588,643351,355055,642851,642677,642667,680218,613396,642371,599114,626450,551477,632195,630854,639565,639184,639106,639104,639089,637836,635049,260480,320145,637216,634028,636145,271775,635862,630710,614327,634660,634568,632481,177944,631907,631730,606902,611396,299294,630266,630271,630222,604636,628695,628697,628661,628540,1166929,627947,627897,626910,626882,626523,626376,625918,625903,625621,625389,171898,620996,400684,624074,623981,624009,623441,622924,585623,622702,621882,297758,59551,620793,620497,610517,581835,853625,565203,619769,357890,619524,619418,23701,563982,384335,540840,273433,618029,618026,618023,617987,617860,617735,617487,323554,249940,219010,617162,617161,178075,617129,617127,301540,638790,638788,616724,616591,616473,615841,615832,1362024,615630,615056,615055,614872,614863,614780,614591,608408,342534,9636,613933,613890,608704,613803,613588,612649,612571,612325,571655,612225,612012,611550,610280,585391,611161,611095,610990,610474,21003,610055,199030,257395,377935,377850,198892,608998,470278,608888,608491,31364,607277,607308,606232,607113,606946,615059,602824,606048,605995,605996,558703,605853,605206,605100,603238,604992,484443,604724,598184,604073,519397,604069,604068,604051,157354,603919,603878,603560,413901,603307,560057,516855,511560,602538,602483,602220,602099,602097,602070,106783,106763,601827,601626,601247,601193,600987,600652,600798,600808,600802,601175,600117,589550,599535,206615,536291,591141,400042,597602,593729,597207,596947,596833,596831,596139,596081,596054,595017,253841,593962,593959,593913,593512,593326,592534,584243,285959,282439,591258,91342,591201,591171,478682,590551,590591,590232,52086,590061,590032,589906,396622,589089,45346,604584,600600,589093,589068,588902,579031,588504,395830,588200,587970,587533,555397,540305,350947,184691,271929,275279,594672,586508,586152,586034,586461,155680,423113,585542,584923,518232,585309,156350,584337,581051,156713,121392,584162,583862,104576,583690,583360,307151,582566,464525,131575,582486,582189,266791,581913,581273,392339,581254,582517,100496,581230,342179,578717,580438,580184,579967,579805,579877,584651,187835,579381,578896,578833,578433,577852,299465,578337,575583,577662,577235,69085,577487,377772,753251,577418,577354,577024,576981,552641,576490,576472,587831,576379,286928,575943,186941,575806,112729,575207,575199,575122,575056,574989,574960,574931,574897,574751,574692,578702,574431,573964,314223,324233,573103,573127,104698,573673,100992,572802,572875,572860,289804,745941,543584,570813,570923,570905,569451,569703,569464,358363,467966,568384,568084,567863,567575,797587,2332,566754,566387,2711,565736,565513,565282,564890,564782,533055,563258,564498,579093,580427,562409,550918,563732,563305,189405,562890,562823,562610,98037,314277,555539,518071,561364,561018,120692,560466,427106,559708,399214,517587,437443,559241,154242,558721,558679,558665,558578,558541,117383,557685,553683,543179,543074,425168,158255,556555,556207,556138,556122,73200,555930,555806,555564,555091,561758,555515,554303,554206,554091,322393,205368,553511,553718,552801,552696,552665,552513,294699,284923,555687,562571,551727,551532,552683,552432,551326,551248,553160,551265,551044,305,551004,550843,424651,550630,550601,229549,3604,550276,549723,549658,549468,549620,549464,490169,549362,549329,102976,548974,548810,545480,461659,548674,548312,548131,94093,547892,546514,547412,547191,547177,371475,372714,294310,546531,546513,546476,535898,509933,545708,550825,545610,403133,545073,544546,544369,954161,954160,509012,367022,544154,1181508,1181503,544152,543693,543563,543277,219545,535528,542802,542137,427423,304282,541267,534762,540107,540601,553169,539977,378272,539876,536524,539296,539268,539167,224184,538479,538069,537861,432272,510840,536835,536831,534462,534465,535116,438955,73444,460697,462619,535760,533355,533167,305197,413560,222913,553304,526498,531330,217002,530328,514280,478886,514210,530114,529694,530210,529603,529259,356591,429751,118875,531719,531265,528353,547673,343142,529303,529285,526955,553352,527811,265492,598904,527059,119835,526588,526572,526443,526165,526139,526121,525798,322794,525677,28702,256986,52261,52274,525828,525575,524838,450701,525174,524808,522684,527754,524960,43838,479116,524788,524686,524634,525797,520549,524536,524130,523798,522910,522909,522833,522661,522333,522263,521106,521602,347445,521497,520012,515060,369767,520932,520813,350286,1453585,520600,520437,520365,1528980,507409,520011,519739,333581,518711,518975,517300,517277,443066,517295,467615,475622,444669,516512,516570,516396,203611,516079,515795,266648,266631,266640,515411,515466,515019,527341,517210,514644,470258,512140,513295,512126,514216,513135,512976,512974,512937,496962,511170,61602,505261,511555,529129,511372,417885,511347,511936,511261,511248,511187,353666,575803,575832,123278,510354,510338,509544,496908,512407,509184,508531,508627,1142616,1142613,508556,508524,508144,508032,486297,507747,507926,508835,507548,195284,398244,506545,506461,874957,508484,506428,96664,484352,505867,505337,10663,505734,504927,270897,498622,504486,498220,504817,504643,504337,504272,504160,503806,503596,503768,502259,502303,237522,503629,503586,281589,330289,503345,503188,503149,474543,330171,503607,503318,503020,502733,502914,504091,267601,502867,502788,498021,502275,15124,502184,502142,502092,499226,501911,501908,501855,588234,502851,502649,502802,501357,480517,175208,272488,439149,500743,500392,500417,400717,499935,499752,499696,499580,499363,499057,499189,498833,498773,498709,412727,498654,301016,498624,411417,500511,498682,498538,498522,298780,498417,498366,499346,473977,497938,497713,497939,495647,497578,497410,504602,496890,496334,476744,499227,443542,496089,496051,495964,504242,495480,495435,501189,497019,495431,495308,494688,412285,494981,306458,494931,494623,485285,485280,469715,501575,494010,494170,496178,117399,492432,493890,493864,487211,540315,266460,493603,493568,493185,492921,493126,492973,492981,492972,492982,492865,492855,494706,494732,492861,492776,492725,491927,491887,492718,491796,502865,499768,491591,491555,473782,491307,491264,467234,1024796,1024745,491076,491909,490873,494693,360985,490791,490597,492632,490537,490509,490372,495995,495297,495143,489961,490001,528900,404427,489956,486781,485943,488186,484601,484552,492220,478915,465497,466102,481762,484228,484136,483927,485175,483350,483333,482923,483223,455523,440185,452558,482075,482607,482612,482413,482292,133470,482241,483269,527613,79792,481970,481464,481329,250030,262933,224138,481057,481004,480893,483005,480903,480797,480631,487230,480616,480577,484234,480406,480324,480261,479775,479910,479692,487208,479650,479654,481340,90149,479486,479428,341156,479326,479207,186251,478914,478862,478622,478642,478389,478336,478216,565139,482028,480735,479368,332702,339459,477963,276907,484208,320612,477812,477780,477775,478144,468057,454544,477654,167161,477559,321348,477465,477278,477183,477091,477010,275726,476910,476953,174458,476894,65835,214636,477297,476666,211251,576717,476248,475567,476129,470678,476013,475964,260696,475955,475850,475817,460246,475518,475445,475003,474963,477766,108193,363023,474682,474463,368269,474377,474337,481319,240950,473084,473935,474001,473869,473636,473332,473800,473296,472601,473090,473044,472884,472785,472746,454479,461364,472032,472255,472002,471755,471854,471814,473223,447777,471646,1183075,328795,471378,437005,471102,471065,470974,471038,470906,470840,470792,470773,470029,440350,470545,470503,450501,470481,470445,470412,470387,470381,294741,468676,434355,447566,470300,444211,470014,469957,469932,470126,471905,437211,468748,469502,471429,437072,462973,468876,468824,468753,468726,468565,376232,468547,468224,467780,432472,467207,467554,229873,467157,464479,462295,468515,467462,468508,466778,473584,465352,466705,424680,466658,225581,466588,466558,466516,466467,233322,466359,436857,318508,466118,466128,417858,466052,460867,466077,466037,466011,462816,460846,465910,464315,465217,465481,465379,465308,478028,386681,465248,465193,465142,465064,465073,465492,465820,464999,465199,464953,471800,470616,464935,420866,464777,453872,464751,464607,464604,464591,453399,464439,143625,464034,463457,463921,155765,463946,155456,463848,463783,463461,463430,458171,463173,464248,464608,463159,463122,463127,341001,462587,462872,462737,462636,462638,461574,361584,462153,462371,462347,461561,462270,460008,399194,462178,462129,462047,462391,462038,458323,300366,462000,306042,127968,319785,459161,458782,461801,539112,537051,462677,475693,115950,461643,132850,465558,461443,138700,330457,329718,461362,58275,263684,461251,28679,453715,458326,409988,405211,443708,93457,140542,121037,460369,460375,460345,460174,460147,459422,334119,459984,460297,465981,459961,459923,459881,460205,459853,453157,459884,458626,459798,459786,437355,459661,453147,492713,459580,199799,462276,216936,459291,459135,291832,185340,459293,458846,460296,458855,138974,345821,458683,458720,462549,296697,458356,70227,458292,458330,458295,458244,457117,422799,458104,458108,458072,457723,457840,458192,458320,457820,457705,91791,459288,457444,457529,457308,457406,457366,457304,457295,457259,457184,457094,456561,456522,412394,248270,163974,456475,243690,456389,456119,456016,214492,458331,455945,455931,233765,456348,455682,132878,514677,523740,86865,454695,444638,409779,455003,428941,455848,455161,455100,482197,477653,454898,454754,454751,454712,454666,292580,456074,454550,454368,451679,415765,454097,351085,454162,454156,430575,430576,63736,429041,63734,453859,453695,453669,235944,134872,453570,453344,137934,453325,174558,425309,453052,453521,454285,453414,451061,465026,452859,52743,453755,452772,452782,452768,67849,334145,430286,118224,452604,452509,452463,445931,452773,452361,452330,452269,452180,269167,452567,452021,3755,453558,198916,451860,452372,451855,451845,451216,262414,221851,451644,451548,451558,451506,418320,451459,452607,451405,451228,453076,451259,359552,451657,451150,451070,424836,451051,322429,93783,322346,451048,451017,375028,450892,75689,448812,450834,449179,438320,450715,431257,436583,430472,263469,450658,397916,234025,450587,450534,450495,37813,450344,450222,450210,443754,409727,449582,450090,450720,450077,450061,449916,450903,449898,128395,449766,617778,450170,452734,449709,449783,293406,175233,449362,448626,159453,65794,444703,448988,448945,448772,414915,27432,220164,448234,448204,448040,452685,177289,447997,194523,359390,342524,379797,446055,447949,447759,447735,38226,472087,447717,447710,447209,449631,447473,107104,275397,447431,243980,235063,333000,447039,317918,434248,356938,446460,446305,442895,195652,446176,446153,230690,230685,245588,80665,80531,80560,445629,436720,445124,441493,295472,446220,445946,383600,446258,445772,274890,445558,445552,444483,290750,261340,445260,445243,445211,511750,329899,445139,216668,363165,44675,445220,15218,445418,444774,118231,117457,444574,444306,278209,444310,444085,444203,443976,122446,304793,443732,99114,99105,134451,133417,443661,443646,146030,221427,443506,313738,443502,444451,443476,443417,439643,443452,8344,463707,443032,443041,442962,636260,408720,441147,441997,442835,442716,442580,442724,442431,442258,442236,207445,442193,128968,48602,442112,442107,442077,442018,441917,441866,430989,430786,431277,441657,441620,441489,416386,441479,441451,280526,441292,441264,441903,441143,441353,441204,275282,441061,441033,440074,439796,440176,440862,440963,440831,361793,29014,440720,67499,440453,443200,37258,440165,437273,417899,439910,428497,439777,442088,439755,439637,439425,439567,439405,439339,439312,437895,437688,439294,439120,439126,429759,439091,439068,439066,439053,438957,51662,438808,106116,438606,438567,326420,116998,104834,438352,438334,438309,438229,438645,438085,438013,437943,437873,437716,437672,437671,437652,438404,437610,437585,437559,442281,43687,437473,100418,439163,437208,436984,292811,436762,430608,436687,437097,436648,436821,436449,436138,419551,143975,128686,187017,232258,436040,435986,166408,434807,295051,435828,435735,435730,435657,435436,166750,435269,435198,430750,435081,209576,23690,430399,434992,434923,394309,167870,434738,434674,434645,434553,435054,385536,434542,594240,594238,434408,434228,434199,434172,6876,438905,438267,433928,432383,70464,428268,436163,433691,433768,145431,433606,433604,433504,433327,275070,433085,433015,432990,219793,431782,360288,432952,432905,432858,432680,51667,452913,432539,432401,432724,430588,432315,432286,432188,431369,432859,432004,431998,431851,420296,420660,431689,431646,431537,321345,344100,344015,430483,55513,431418,421530,432293,431321,461199,424879,431326,431366,431339,432215,431316,358838,427829,430935,426104,430848,430852,430729,430663,430643,430631,364698,322678,430433,330424,427611,419401,430340,421575,430329,418491,430127,430142,439865,171915,324801,429971,429956,429930,429918,429896,429827,429741,429736,429720,429700,429599,429573,429517,429824,430249,250190,221394,326404,180077,429333,433626,429343,429073,82332,428962,428963,351858,428906,105923,428766,434924,428656,285260,42463,414502,414391,427894,428405,414730,428126,428118,491596,489241,428044,427991,429734,427903,427735,427937,427726,427684,143197,346208,268748,427240,427176,427549,426760,426983,427049,444748,436605,346509,427026,426966,426867,426872,426040,426707,426638,152599,426593,426504,335472,426144,433278,739147,164468,426056,425937,425923,205207,269513,102256,419921,425142,454091,248167,422247,422210,424918,422035,422034,422011,421977,421932,458532,421824,421799,421766,421619,421618,421464,421473,1710529,1710533,19171,420301,421239,158592,934363,1289775,206899,432663,421188,421165,418692,415130,420043,420830,420829,420757,45557,420707,420711,420561,4567,419130,420486,413890,431261,276468,540584,420281,420262,414336,422532,341077,268712,264993,419833,419822,419767,157496,419751,419735,466287,359849,419449,419447,419372,39502,462901,419354,177135,419069,221295,218099,419149,418987,418927,418904,418851,418793,418757,418732,418615,394314,418372,418370,418330,418309,21957,418118,418139,418110,418161,418015,418056,281509,417828,409266,277892,417781,417636,417605,413367,413403,417587,417493,417489,417639,417635,417496,428500,409288,409652,428004,417394,417331,417342,417272,414594,417143,417330,417039,417059,417025,416980,416966,415789,416863,416883,416811,102468,416776,416733,416711,416640,418045,416511,416434,416455,416393,416431,435021,437547,416698,416467,416380,416345,416280,416176,416146,417530,416005,415965,416010,415521,415490,344099,415289,423603,406339,415106,420450,446214,415041,414996,413985,414062,414830,414826,415370,414810,390111,533449,337065,414747,410961,414716,414613,414573,407713,252901,32072,414189,414145,413736,413013,413963,453272,214575,464262,414131,413867,346338,413670,154167,621751,412901,411154,414387,412888,412853,394989,382223,412737,412487,412460,416399,412425,412519,402009,412256,412156,422079,412049,412020,53230,410963,411866,411796,30242,411708,411452,411545,91667,104202,407426,411487,380964,380929,412111,270054,411408,390591,411280,411245,117845,46223,411173,213766,507731,414752,410865,410751,410654,411134,410431,410415,410569,411756,409470,410298,410160,354077,407430,409817,197166,409384,409689,409609,298675,409550,409545,409530,409219,409210,195463,409192,409139,408978,132070,408821,408432,408447,132599,127863,308717,223068,408373,408353,408322,404227,396632,408229,408182,407889,319375,408781,407978,407884,220195,407914,407828,353626,90611,442287,407551,408402,406179,407482,407216,267153,407474,272131,407220,283351,283177,407179,154396,407128,71344,407113,407102,406109,420954,402705,406794,406744,689621,406603,406566,406536,406463,436845,51882,406037,155612,400408,13512,405508,405488,183646,408384,405287,420221,405230,405238,405207,405162,405371,332049,405018,404887,404843,407702,275598,404813,406270,403878,404651,404564,400677,404443,404231,397431,196043,2609,404209,406343,127210,152832,161447,137100,484243,404070,403867,403965,403791,403486,403494,402991,378364,278591,383426,403324,400037,314074,403263,403247,403231,403129,396033,399203,402905,546,403694,403420,402920,402921,402736,53666,402624,389933,401006,402568,401204,7506,402394,402343,402170,402002,74929,109528,3552,4316,404090,403879,401793,115506,401523,401461,401449,401383,401464,401495,399970,401652,84590,401286,398634,401830,401053,401154,28239,396552,50193,400866,134641,401853,400902,400950,258716,73152,400651,314251,400554,400568,400543,382287,239281,328653,209475,400400,305869,400193,149870,149866,399555,399651,399578,399562,462745,399096,399017,399009,399901,122468,400641,398706,268559,458482,458407,286269,398410,398349,398263,398193,398188,741170,548352,398153,398127,398181,284627,397678,398211,396564,397322,398062,397274,397245,399669,396804,385133,397669,392358,396024,396481,396447,396301,395971,399600,396684,395869,344223,395690,395133,395373,395201,395165,395127,263101,365580,394187,352267,393859,393851,393864,382540,393876,332888,392906,393334,393120,393565,144964,144957,388115,392433,392423,391860,392495,391535,160424,384611,150428,1089244,173539,390144,34049,389825,180008,43291,389802,389743,256928,363347,346020,860578,777302,346715,388210,388049,388016,388044,146094,135352,392496,71251,387670,387020,376163,386841,306494,72947,386094,386394,334375,385985,385607,385456,385118,300207,145412,384509,4812,192665,120818,383519,382900,447332,439018,382168,381963,341951,76181,381749,270774,216979,538790,316017,381368,364127,380520,380462,380550,380437,380178,380046,379937,379761,379177,437849,206815,127771,674883,78840,281814,378243,379934,279109,377859,84001,215476,215485,377727,377721,377696,377594,140775,377266,377226,376724,376677,376534,1335039,3519,377932,350257,376045,375758,375633,375409,375359,399406,375120,174875,440378,374725,925926,151232,373131,122213,373047,373101,366923,372692,374338,372501,371610,371493,370820,357079,318513,322530,370101,377536,362231,369372,369234,381564,376637,367216,368825,81793,368837,354367,367401,367691,367539,354087,365893,365868,190319,357927,367838,247071,303133,367502,367261,364371,133980,351036,466791,363670,416110,362870,362803,362442,362104,361954,243404,629891,360799,165365,324842,360178,360184,451969,361024,359339,346267,357678,357709,357661,357657,143243,357413,41907,397301,357321,357376,357241,363282,261316,357225,111708,361962,348517,356539,356325,260250,350224,141742,418289,355590,355632,355332,355331,28686,91702,349152,95480,354265,355940,353803,149269,305453,419777,353942,353932,342024,353427,330271,362441,571557,115795,353537,352410,351704,351979,350995,345307,350276,377454,205293,349366,349001,348238,348934,507255,344240,349028,348267,210032,257218,347910,363207,309847,347690,359902,347114,348873,182256,346793,346314,346654,346658,348961,16328,362917,347608,346354,387193,4107,346017,295926,345649,344870,344947,340054,344883,344009,343927,162719,320250,343538,343468,335353,77435,342116,342774,1886,484722,473605,342672,342072,342849,340702,340678,340916,340407,189559,339678,458375,458190,83662,336426,339364,177800,1221021,339106,150735,338912,329936,338200,338744,297355,338810,338456,337440,337134,336672,134339,328057,336275,335588,293550,8394,335241,120816,316755,316704,316706,325609,333492,196014,195834,323405,119764,279754,332162,143786,237691,222247,331959,332435,331909,331913,331815,331816,315707,415007,411080,331410,332763,571445,38732,331058,331029,105404,295349,330968,115169,319561,136000,399696,262411,329545,329234,329522,329205,329089,452135,328981,76210,237876,216372,121420,327647,327596,328266,325956,325898,325755,325549,325279,126934,324999,293430,93721,324236,416277,323860,323615,323275,322931,322545,298015,298133,322156,179392,108936,303232,301118,352408,318731,318461,318362,318325,414432,317579,49068,18274,317542,132232,317006,315626,316026,91473,122002,315475,314774,314985,177006,318093,313178,59196,315302,310484,313196,313137,414887,307790,289331,279705,333228,58829,310618,310516,372637,309818,309714,309711,309123,309676,309527,309045,309016,387729,238588,308561,559374,90826,129999,307352,168428,309672,307194,306977,184262,397350,306251,76638,66697,28768,305157,403430,368406,305731,281581,259433,304951,315843,304731,304608,107939,40480,337214,303614,300312,300495,100710,445301,302778,302750,228238,217666,217681,216049,306871,306966,6314,175909,174660,174719,55976,300631,72005,299416,79621,335365,1634672,926190,298946,180869,299037,212890,298484,297974,298461,298467,192774,298379,295366,297659,297267,297038,296932,296845,296567,301235,295696,197319,169487,178378,295040,295088,295008,294896,283736,150640,293686,253614,293812,293432,290017,18439,292318,292925,1339460,257374,291759,334165,291435,438192,438165,290765,1405906,1751254,371867,288326,288179,288005,287638,287606,287573,62428,286315,62365,278846,285936,285935,285922,284898,284820,402841,131192,126603,124359,218283,62719,190822,190932,40670,282021,11850,281024,280793,268565,201320,506010,200878,657641,267779,625,219024,311903,198341,47715,47704,200154,266630,138601,193972,171435,263914,262463,410376,262545,262305,261009,394816,393477,261047,255367,546752,259386,45184,199712,258268,257171,434327,17894,257809,256763,248935,404759,256267,256243,256417,57223,178862,76621,150149,333039,253697,254037,252999,355,252559,421349,172143,114080,282527,250386,250039,313520,266256,232314,249766,249425,249560,237778,397243,171666,248807,175108,226742,247593,246953,246454,31987,245387,243181,18882,243123,242896,58558,242635,242595,242287,244002,243949,260080,348287,240659,240519,240517,232933,101017,239600,265577,165525,236749,383606,236642,236226,254325,233965,233026,233084,231810,231597,231579,70233,229805,458953,229802,127535,416199,227807,225489,226810,227593,192673,299091,227234,263575,251880,226632,227073,225894,226381,225458,225475,225121,250493,226764,223746,223732,203103,343425,222593,222303,891887,221666,221621,222420,219656,219483,219110,217373,216836,43173,189207,253376,187435,123851,215428,479778,216289,215168,214373,214323,460395,124948,196556,102262,83764,213555,205648,486,211315,212847,210006,209946,209932,380986,73954,209923,190959,208944,499442,208888,208598,81338,207860,137601,173207,208179,560059,610816,75949,6344,351844,77304,205357,219280,205318,205665,69243,205169,205157,204795,204793,204126,257314,99186,104746,4234,203037,127899,12013,201552,201249,389614,200792,200363,225607,225599,200232,200077,200076,207185,207067,207063,199743,199735,199459,442845,442844,127429,198873,192123,192063,191585,197354,479395,197388,197256,195504,398504,194808,214199,193135,192671,220785,191972,10517,190752,248446,189988,189645,184256,189119,188329,189469,189077,188585,10851,92807,41622,78717,61099,195335,189145,188357,184617,184607,128248,183744,174973,183150,111245,182512,182409,185370,180770,182239,11182,180785,90060,180472,173449,178896,177585,178229,177113,561267,51448,1087,377,271738,173986,198023,138401,173065,136561,172909,172890,172853,172722,195479,171126,1637526,170896,170811,170736,169011,304036,288205,168371,268590,168320,167222,123275,105618,18411,166752,577681,167412,165546,165448,271709,9522,317271,57606,161638,169181,161718,161645,161451,158795,370924,158260,157805,18859,156824,156609,232037,1121733,117001,398569,5102,137729,154719,154320,153996,153987,47033,152011,151845,151485,151463,152031,66364,476724,222871,150432,150439,150435,150426,412693,16701,62919,147096,146673,146110,144291,51007,2071,143016,142910,414058,413919,242941,142128,142070,122042,140646,303859,107307,139511,137956,132459,127606,137232,136946,136559,132868,1252119,136030,135616,135271,132273,130117,204926,128042,130602,127518,386395,126292,127197,126765,124717,95727,124310,123777,122615,122610,118337,118558,109318,116963,42555,208025,230163,176009,75031,190443,187646,116600,115357,115381,115101,114218,113637,113439,113398,113403,113448,113400,112638,112932,112780,111930,110975,103938,26612,65266,164804,110132,48690,108120,105442,107377,106644,106199,38335,104144,219501,171926,101991,102243,102208,97333,9385,134302,134976,400683,99311,97129,94491,144313,42476,220856,154043,90880,84567,89843,25054,696678,87659,87198,84986,229059,83479,58255,22468,82245,124771,125000,123773,82092,80624,80407,272663,80004,78288,76876,56437,78612,78408,77744,77117,76848,76843,76811,76803,76558,76517,76508,68022,71542,71569,71515,76355,75892,86320,76021,76046,98898,75578,64588,133492,133506,73189,72501,71992,158689,149424,70166,70465,69956,67172,64925,65067,67002,128512,63160,63002,63358,62563,62280,61721,991193,59579,112380,48786,74904,74925,48781,56639,55461,54360,61234,33377,52673,54755,944683,58705,9995,11352,48126,452404,41095,46474,46448,268336,44379,41649,373633,33518,403821,35665,36652,35841,35884,33679,33490,35663,35525,448309,110657,32154,51405,51182,31346,19938,11150,18814,27466,7719,27542,27075,25631,17832,18778,18756,526633,16826,17038,17851,16840,5863,51895,51987,5214,5145,17706,30162] 
AND r.Name = "founder"
MERGE (p)-[:AFFILIATION_TYPE]->(r);

MATCH (p:Person),(r:Role)
Where p.personID in [647902,4457,509353,486347,244029,246000,644399,411197,86078,55165,514197,73979,28548,124576,334527,404836,22350] 
AND r.Name = "incubator"
MERGE (p)-[:AFFILIATION_TYPE]->(r);

MATCH (p:Person),(r:Role)
Where p.personID in [542827,480986,560053,435262,435241,435543,435284,435263,344596,411078,126494,344591,167946] 
AND r.Name = "mentor"
MERGE (p)-[:AFFILIATION_TYPE]->(r);

MATCH (p:Person),(r:Role)
Where p.personID in [659640,438893,615605,7395,525831,643358,643354,588236,623382,617725,609026,31770,157254,632261,600591,600589,588930,587449,580635,570955,566854,562643,557583,554519,554274,552152,561415,547211,26630,535265,534035,533896,520469,374876,508278,507529,509579,505793,475097,501602,495721,477843,479424,170976,427673,443547,570009,511495,1052623,991216,283086] 
AND r.Name = "partner"
MERGE (p)-[:AFFILIATION_TYPE]->(r);

MATCH (p:Person),(r:Role)
Where p.personID in [1427847,1005846,780008,732153,570158,100111,711447,679378,616689,614188,557551,492650,492162,428228,412544,353317,273061,22848,13738,120,331070,760023,400955,138525,743850,743816,555025,439883,696102,717407,666844,644879,85,35895,6028,58024,52941,17623,27211,53160,16836,3875,13762,17878,4563,4175,1019,508668,223187,126259,657322,930994,354576,39949,642716,36459,133014,181,144,48596,8178,559219,607819,348656,144243,62508,644522,296862,352729,196133,503781,558407,303017,1016882,520422,520213,522186,256509,400056,423610,540780,541609,415312,226031,298729,304237,218627,468693,26227,172880,49340,139091,105472,59243,174449,99073,147405,43153,7312,10409,31174,735,11234,1365313,946954,908323,545706,637517,637515,543232,637505,546486,544133,546518,550925,546756,544193,539431,539651,199118,539428,541269,539537,529118,345946,345507,345684,346560,150183,411129,83952,598487,611309,1025150,57936,1022518,729481,729463,535133,534457,424236,424392,424448,424587,424230,424221,422123,1011978,1011991,1011972,167480,78499,754302,692980,677512,512528,580797,552539,274169,459373,518033,263953,182463,439800,193382,495166,476494,465869,185334,10053,470053,468244,468576,220419,467257,424247,378790,273774,274134,214859,213986,212449,334340,333607,1200710,967902,516170,600157,244589,311635,105188,948401,937977,455521,432421,432415,68774,407950,188343,59219,342088,933273,89850,414860,133130,519479,623740,623739,623736,623734,623733,623732,623730,623729,623728,623726,390998,519057,519165,520248,57065,519805,518567,518823,520522,885628,507921,506093,504998,469191,401416,400134,374990,374804,102143,346723,467606,3072,43882,31179,419706,486951,487040,281354,464313,468669,281299,281349,464590,469345,469286,465219,304115,27999,440625,12047,2099,125716,417608,662822,392249,702642,700959,653282,504944,650151,429199,38402,11142,301203,206337,197934,194724,188832,188321,85051,32726,27625,13347,91564,71802,32858,3415,120717,647885,646708,293013,657836,657833,642953,642952,380654,636865,1180620,310814,1118801,643390,267023,117868,540377,613898,612808,621100,612762,605989,604706,309939,312569,403099,601700,601244,596960,170301,156385,12116,15236,402637,570887,570754,189205,120151,127460,285560,559886,179186,318083,170589,1014158,1287817,483472,228065,574628,80691,596751,460742,154045,552124,32,2081,42262,97582,97340,122082,86264,449261,541555,663309,755289,118146,208188,86501,502972,522664,687277,523285,523098,521970,518151,521136,527732,517774,515204,511775,416379,513486,538577,529666,525809,525346,525317,479161,530368,525579,529556,475393,532370,525308,525643,527581,515551,496388,465870,514457,219947,510640,507327,225711,503245,523416,37304,500540,500777,500750,500085,882265,502091,499664,499139,501580,253403,497119,496767,420012,495582,495443,61512,440759,491,13778,488746,502572,500790,503720,505531,502555,133453,243537,480346,276409,439599,5134,2557,51156,6523,28946,479752,479909,463285,1281959,34029,1734651,646332,473497,474910,555357,474336,284796,578607,472330,267564,473165,51690,459830,467773,467959,471381,488931,465841,344505,464048,486255,480728,436814,438793,376193,161163,460869,462100,425506,993026,458547,60237,476940,498280,454407,454806,451968,948390,948389,452810,319344,815166,790033,786453,218614,449490,127085,532993,89361,692207,1231811,132648,445675,456601,450036,447110,443985,449929,446257,31533,110950,443313,468575,269814,640884,443189,442920,131591,441242,438089,437952,437956,131834,436795,442219,81319,441329,439996,439994,439691,439886,211960,442094,436779,210268,3027,128506,68295,434220,438029,178630,275810,280786,274894,432301,436990,60943,431407,430166,596924,587610,435069,413453,421691,428932,428729,427054,428736,1171918,1536,433322,135019,425635,422038,343058,294798,50646,421679,34035,330746,421351,420351,416459,420014,306699,266628,166378,417088,417595,417913,431716,417590,8563,683897,683892,632811,415687,901253,76116,231386,363240,38979,415069,78205,415014,30090,425862,196949,413142,71562,404383,54780,411963,409761,8444,411634,1655,64335,625475,625471,415339,408020,231416,706089,58407,456416,66437,126662,442320,409622,390479,287738,82203,263617,223951,1390,223774,410073,408331,23797,407014,46238,31025,104403,53382,404332,466253,291239,183848,183500,402776,393055,497471,497735,393070,391580,360754,71388,42216,291443,267089,523880,389554,81520,18126,402120,6113,540061,423454,422515,423455,427635,6584,404972,386451,404912,386351,406962,426610,407186,386354,404968,386227,386685,386388,386180,84421,91916,91266,365180,550890,393977,439122,397013,506702,183539,254825,289665,246268,191113,198730,373119,200291,372432,18084,372177,143254,362996,360309,359968,406442,174609,353656,215611,78663,432521,350116,350952,346143,417212,292345,345745,347461,425220,424932,343154,406272,342154,207099,341466,66488,502138,452529,461915,342590,338928,323000,336587,107282,233488,369502,125927,290507,368365,335665,82767,53090,339763,332404,414919,415044,202896,71691,227391,26197,115525,118815,26322,545570,322531,426978,321915,145702,223623,319833,126831,317624,317873,110332,315324,312756,28957,401528,431471,310118,1126716,4121,414161,17794,306281,531418,305359,227939,17050,94359,321881,30967,98148,50247,81239,296865,451780,97990,452069,373299,424516,235300,229050,278509,438636,289728,285733,775773,40612,282925,282016,270041,268043,293140,43247,283571,314929,312416,215997,172719,262565,267091,261345,252113,525922,260754,257196,475502,209000,83763,252444,968171,4593,549695,549633,116569,248130,82975,443277,244306,168257,243948,244185,238970,238794,238599,58679,786,183772,332505,77406,324893,234961,232948,233141,437079,243307,3169,553613,28985,54352,348452,156078,226297,104353,456982,71083,221334,19278,301905,76230,244584,214281,397421,397579,172672,212843,207354,982578,422028,420372,222150,141793,4556,148051,15788,404205,190311,192806,39460,186795,148230,1007132,1213590,397176,150249,974768,186476,333113,101591,1285,28044,175774,16402,172891,172841,494722,170765,168536,443139,416620,71024,229533,449499,178015,164842,13959,167670,108522,121694,13077,36619,17684,165060,158992,692577,163988,162579,88681,158288,270315,94949,143483,143414,146308,145815,145657,143428,145638,143551,143520,312270,872585,195090,196757,406333,403782,302001,132627,128388,134207,21596,408014,121538,39561,29972,159305,150666,142074,218200,51550,144338,769870,31852,476505,348344,122333,140892,141532,134114,60106,382681,382371,382145,115218,134879,439441,80951,128351,15792,416128,56671,127432,105903,30519,126914,58072,40185,131788,130917,131108,127742,126860,122808,122818,123355,124714,124681,122711,131115,123085,130919,122629,130921,123461,122868,122650,123821,123240,123176,122633,123210,109326,747826,12747,198883,87630,397656,692042,563169,443670,492509,498953,498103,496769,497661,519520,107378,106805,106827,248112,63880,35349,103669,104678,105704,105257,104681,103934,103853,99154,100140,263945,99559,340786,172077,459397,375317,312112,314431,256152,312093,242911,312088,48216,319139,154942,123451,58168,52283,84396,84414,433925,82523,809015,482756,261408,308969,5216,71270,71187,62797,47296,448575,327080,215106,223892,96173,184509,77676,66859,62293,4937,54956,31482,51911,52704,50615,50565,50529,51919,41964,5434,34151,86732,45192,38293,36913,335732,331836,354536,374788,31190,50991,405553,27603,51704,5053,27260,25583,241882,96728,68812,18026,275424,18773,19022,18798,77377,1510,140693,69506,30670,1422,78297,30706,30645,6350] 
AND r.Name = "past_investor"
MERGE (p)-[:AFFILIATION_TYPE]->(r);




